<Frames path="idle" hair="0,-2|0,-2|0,-2|0,-2|0,-1|0,-1|0,-1|0,-1|0,-1"/>
<Frames path="runSlow" hair="1,-2|1,-1|1,-1|1,-1|1,-3|1,-2|1,-1|1,-1|1,-1|1,-1|1,-3|1,-2"/>
<Frames path="runFast" hair="1,-2|1,-1|1,-1|1,-1|1,-3|1,-2|1,-1|1,-1|1,-1|1,-1|1,-3|1,-2"/>
<Frames path="walk" hair="0,-2|0,-1|0,-1|0,-1|0,-3|0,-2|0,-1|0,-1|0,-1|0,-1|0,-3|0,-2"/>
<Frames path="dreamDash" hair="2,0|1,0|0,0|0,0|1,1|2,1|2,1|2,0|1,0|1,0|1,0|1,0|1,0|1,0|1,0|1,0|1,0|0,0|1,0|1,0|2,1"/>
<Frames path="edge" hair="-1,-2|-1,-2|-1,-2|-1,-1|-1,-1|-1,-1|-1,-2|0,-2|1,-2|0,-2|0,-1|-1,-1|-1,-1|-1,-2"/>
<Frames path="push" hair="1,-2|1,-1|1,-1|1,-1|1,-2|1,-2|1,-2|1,-2|1,-1|1,-1|1,-1|1,-1|1,-2|1,-2|1,-2|1,-2"/>
<Frames path="runStumble" hair="1, 1|1,2|1,2|1,0|1,-2|1,-2|1,-1|1,-1|1,-1|1,-1|1,-3|1,-2"/>
<Frames path="dash" hair="2,0|2,0|2,0|2,1"/>
<Frames path="slide" hair="0,3|0,3|0,3"/>
<Frames path="jumpSlow" hair="1,-3|1,-3|1,-2|0,-2"/>
<Frames path="jumpFast" hair="1,-3|1,-3|1,-2|0,-2"/>
<Frames path="tired" hair="0,1|0,2|0,1|0,0"/>
<Frames path="climb" hair="0,-2|0,-2|0,-2|0,-2|-1,-2|-1,-2|0,-1|1,-2:1|2,-2:2"/>
<Frames path="duck" hair="0,3"/>
<Frames path="fallPose" hair="x|x|x|x|x|x|x|x|x"/>
<Frames path="hug" hair="0,2"/>
<Frames path="sleep" hair=""/>
<Frames path="faint" hair="0,1|0,1|0,1|0,1|1,1|2,1|2,2|5,5|6,8|6,7"/>
<Frames path="fainted" hair="6,7"/>
<Frames path="dangling" hair="0,-2|0,-2|0,-2|0,-2|-1,-2|-1,-2|-1,-2|-1,-2|-1,-2|-1,-2"/>
<Frames path="pickup" hair="2,0|1,-1|0,-2|0,-2|0,-2"/>
<Frames path="throw" hair="0,-3|2,-2|2,-2|1,-2"/>
<Frames path="swim" hair="0,-2|0,-2|0,-2|0,-2|0,-2|0,-2|0,-3|0,-3|0,-2|0,-2|0,-2|0,-2|1,-1|1,-1|1,0|1,0|1,0|1,0"/>
<Frames path="fall" hair="1,-2|1,-2|1,-2|1,-2|1,-2|1,-2|1,-2|1,-2"/>
<Frames path="bigFall" hair="1,-2|1,-2|1,-2|1,-2|1,-2|1,-2|1,-2|1,-2|1,-2|1,-2|1,-2"/>
<Frames path="startStarFly" hair="0,-2|0,-2|0,-2|0,-2"/>
<Frames path="lookUp" hair="0,-2|0,-2|0,-2|0,-2|-1,-2:1|-1,-2:1|-1,-2:1|-1,-2:1|-1,-3:1"/>
<Frames path="flip" hair="-1,-1:2|-1,-1:1|0,-1:1|1,-1:0|1,-1:0|1,0:0|2,0:0|2,0:0|2,0:0"/>
<Frames path="boost" hair="0,-2|0,-2|0,-2|0,-2|0,0|0,-6|0,-3|0,-1|0,-1|0,-2"/>
<Frames path="laugh" hair="0,-3|0,-3|0,-3|0,-2|0,-2|0,-2"/>
<Frames path="shaking" hair="0,-1"/>
<Frames path="run_wind" hair="4,-1|4,0|5,0|5,0|4,-2|4,-1|4,0|4,0|4,0|4,0|4,-2|4,-1"/>
<Frames path="starFly" hair="0,3"/>
<Frames path="spawn" hair="x|x|x|x|x|x|x|x|1,-6|1,-6|1,-5|1,-5|1,-4|1,-4|1,-3|1,-3|0,-2"/>
<Frames path="angry" hair="-1,-3|-1,-3|-1,-3|-1,-2|-1,-2|-1,-2"/>
<Frames path="starMorph" hair="0,0|0,0|0,0|0,0|0,0|0,0|0,0|0,0|0,0|0,0|0,0|0,0|0,0|0,0|0,0|0,0|0,0|0,0|0,0|0,0|0,0|0,0|0,0|0,0|0,0"/>
<Frames path="edge_back" hair="1,-2:1|1,-2:2|0,-2:2|0,-1:2|-1,-2:2|0,-2:2|1,-2:2|1,-2:2|1,-2:2|1,-2:2|2,-1|2,-1|2,-1|2,-2"/>